1600476874916134914
1594630191942631424
1593908215686701056
1590639195189452801
1589211022367555584
1579064649965703168
1573991259244756992
1572882197345755136
1572534627503591427
1566750771823235073
1550126792249593859
1549348600584585216
1541383630534189064
1540637953428422657
1463798257830694917
1431926232690556931
1418131184094044160
1392779055234052097
1392396310502772737
1392318801249673218
1369939608385953792
1368940070380527618
1354989564868194305
1352205493524000772
1352175450798256128
1352028545040539648
1347485105917292547
1337339813159047169
1336518878080323584
1335782296809426944
1326900676484603905
1310933325180104704
1309074427238330370
1308710300019957760
1306876806549643266
1306793895733288960
1306560676614209537
1306560307414724608
1306435574044082176
1306085255279853570
1304263547627671553
1302488500567076865
1302487099879223297
