1600476874916134914
1598973102947725313
1596469800100048901
1595743907366567937
1588865039293100035
1583386145504698368
1582339045841338368
1580861510473363456
1578356280582115330
1570026529274605568
1569642385726144512
1568920482954596352
1568178176471302147
1567461205479915523
1566005108227325952
1539917671747457024
1538477212839583744
1536310180761448448
1534866284969865216
1531947190528139264
1526851383583920128
1523194072152023041
1522621934017839110
1522523862201602048
1521812523733118978
1521798361858605057
1521796462585466881
1506931449957859328
1483751002851340289
1466366785511309322
1445005182924845061
1418201370914562049
1404774329649229826
1404731865152458752
1403982838702120961
1401888737697566725
1398651890443821059
1396801221244035077
1392039428990799875
1386974448817905666
1386880499415543811
1386214452458971136
1383645279740579841
1381541516795990019
1378285721979482112
1377098916349407239
1375010679652974593
1374660797817786372
1372747248853942274
1371959423954874368
1371751550662496256
1369123336152698881
1368547998456684548
1368542186858418179
1367764864987402241
1367398411159232519
1362994395880910848
1358056967281983490
1355364396474617856
1354268412298452995
1348876615896289280
1345210554105753600
1342491886611738625
1337704504666439684
1337686738966257666
1330414423589130242
1328538106220277760
1326721152589336576
1323972027523346432
1323108233003687936
1321469222057209857
1319854438807343104
1316325058294374400
1315978226771079168
1314794757378383873
1310951476148269068
1310556471583678466
1309843921862668290
1309828269890437120
1309432953466834944
1307321350499889152
1307246568303517703
1305714150862065665
1305429287093248000
1305428990048399361
1305340197698039813
1302577635415830528
1302062932163928064
1302059600619819010
1302056854223167490
1302055152640090113
1301881701707071490
1301838180820217856
